928.431328610207; 625.6877734245136; 596.5480777784085; -576.6019680532094; -801.2388918127854; 571.0218659305601; 106.97849025461028; 812.9728311185249; 780.6384408968922; -964.6267380751644; -385.03359953838526; 140.5452281841376; -852.5769180932419; 198.24614857630945; 748.8347277445073; 712.7358296718874; 290.3464616042547; 160.62373748362188; 993.0541950745392; -762.9079146420024; 112.53420080950218; -655.0576232334778; 343.36042918914177; -439.1350643952404; 677.8809090916627; 970.1995834576123; -493.1997584419837; -760.3574198264013; -241.98019399617817; -166.6607216348558; 281.45087505255583; 984.2648929178583; -659.6436965298851; 341.47298813312295; -211.07135755965942; 887.2015225622536; -759.979614237224; 136.99134137105466; -11.245428200488277; 488.2268303224264; -142.0740623350166; 485.3700376767199; 877.5062714102503; -500.4472173545056; -278.0570835985269; 122.42231712341004; 260.54544516931037; 687.0288311772717; 458.0406702776379; 601.193879346846; -327.8787446310066; 604.2828640663599; -371.1499630882828; -265.65990240196504; 927.9556305136477; 164.76187767476017; 788.9847096761423; -287.28556437553243; -385.8588753105877; 604.1546504884291; 604.9688593056026; 475.4937491483638; -843.0135143933162; 825.8726982569133; -416.5657099162463; 993.9008307112279; -713.5829202297816; 839.334750662297; 890.5813644924956; -949.6221518911966; -853.333816353263; 390.4601447083371; -143.458347943411; 669.5850520477584; -32.909259364691025; -428.77471209372504; -213.94320925727993; 612.5811371366799; -474.3752073952255; -598.064253321894; -384.56258034736754; 27.91746822080063; 37.635894949377416; 262.87189469037; 752.3438671270274; -609.5749567700544; 130.50773432999972; -466.7666896395069; 610.93549656859; 334.34677802290844; -215.33393416502133; -530.3220546847531; 595.4136810753648; -306.6131913355241; -194.4205996561053; 573.0217793651359;



730.422744513367; -476.62481570319494; 416.6237378021731; 22.261519429574605; 508.5286780995327; -116.95088529305053; -4.1609996205509105; 348.47240731259126; -839.659576653805; 493.75021353763736; -679.3840977720618; -991.2848682684844; -189.62225542264105; -631.4436756780897; -736.7569415232031; -847.3567952669545; 626.3970878483824; 807.7722047020125; -460.5832400755726; 327.2807059231277; -377.73694632428237; -451.05683707460196; 800.2829347742204; 144.65797220422496; 51.55302439459342; -962.9701695573601; -515.1797508472068; -969.6786526328669; 173.42800391827905; 283.73878745308457; -179.30939320357254; -721.0108143894596; -429.2961465383938; -216.15401798919936; -601.9906219864663; 606.0687855813715; 59.69202122081947; 589.8543106123748; 932.3747094720268; 210.28559886182393; -649.7995968514011; -655.3603480880672; -749.1953410235506; -807.7742616307303; 550.4342676872484; 518.1498425579366; -467.10147187025916; -292.04263063712165; -752.8712692885947; 120.97913031128837; 755.316122552985; -842.8663680253854; -45.991506447542406; 518.7310882664715; 10.013794416625956; 776.6812603951746






311.7147630579359; 108.19126164878617; -917.8969815883155; 994.5648597696136; -193.6103569007114; -854.1701623490569; 280.6895571986647; 426.36661347356403; -570.6744498641863; -535.3548770385013; 645.2844702719042; 449.5138175101047; -783.6376953945289; -973.3922899756142; 161.1799525417871; -358.4266707161555; 203.02619610793977; 627.3720850657437; -966.0505944145979; -896.0297468336798; 167.48711510440012; -691.4888664780858; 54.95468623712145; 831.9168268725955; 426.2846803872351; 694.6623496195771; 180.020589390562; 125.50596705011958; -927.5351707893864; 826.6075080495241; -12.137011025394258; -514.4366911699271; 903.3144676298302; 893.387852401883; -451.7806282695168; 646.5242576495509; -267.9888786757622; -148.9094918599444; 105.76983077368709; -194.670315326141; 138.52940261099002; -713.6221591633454; 235.67040914986956; -568.0276439331413; 910.8022368751115; -449.48344573811744; 252.42251882341725; 190.58399379617185; -276.20281323811605; -150.72900851278098; -130.0447584812116; 299.5301888897625; 430.1546426049806; 231.25735591554735; -858.3992136511445; -718.5407625150149; 982.5240550093927; -884.9369303463596; 650.7238768730772; 655.6506410133654; -401.5110188379315; -550.0401499104444; 209.55668203965547; -8.060054915598812; -109.25712148674404; -155.25167028988415; 790.9185903134207; 2.4290096350462136; 50.977863904895; -823.5668933504858; 491.19390412595294; -710.2062873872312; 614.0255079782007; -832.0111777739249; 987.3720304802903; -30.661463585550905; -961.5732374417598; 456.765832387513; 206.55496904720394; -944.5732195666252; -344.26774187183617; 31.289278114930084; -689.5739101071802; -423.55835717835873; 520.4458721155188; 67.12234851555809; 911.4897231940831; 204.7797436166568; -628.9641047998172; 895.9322592113774; 328.9504300569927; -749.7577895141551; 157.80627621712392; 355.63947191116426; 555.5020799570727; 569.8655801482039; 307.60384486725206; 773.5313758279012; 59.58432063003215; -228.3866445028193; 694.0995381592927; -391.8279468679955; -426.7621023785704; 931.8457307280737; 869.0954763216455; 972.1541132717164; -235.54583793125414; 547.2146415879379; 840.5667178843441; 184.1459883136872; -690.0061090182037; -624.5107550492814; 262.4970682854537; -600.3716140881586; -882.0069613789694; -671.245581173659; 191.85825533972547; -484.06310279644174; -745.8758800351529; -991.7097226259045; -705.6098890570978; 705.6966835461967; 781.9893288277551; -969.062900824533; -21.371209051858273; -633.5261115070547; 193.38192690022993; -906.4080276190143; -921.3751756297888; 202.52166920101104; -729.8984605188755; 255.1768352929057; -656.1514521988688; 529.1762147652698; -32.61621083404691; -347.9982103597364; 574.0755487242795; 415.88545276708646; -830.9442667914949; 555.498387944247; -284.91668925018496; -451.2417638249034; 196.06716004521604; -243.2802741605948; 828.4193357269996; 443.87802965152673; 210.93951733444442; -301.6057988296719; 295.23471244024313; 352.2004203214219; -922.822746889206; -702.182923554638; -998.210577695113; -442.76967474975436; -65.3579098371273; 77.54284609360138; -688.9313918732023; 887.7895681089681; -698.2901951171514; 174.15808403340884; -775.4294562375765; -669.267205710848; -878.487262819456; 125.48355124293812; 851.4911666242494; -5.044660163023877; -543.8679353209004; 207.68982209775822; -862.4838227356861; -661.309725556157; 230.74032911477047; -484.973277444338; -20.632993728395718; -687.3595761191835; 214.8461046355203; 441.4681673098978; 351.06509285056245; -899.9376867373206; 660.872942080274; -171.1413428283513; -677.2178524546623; 995.1565771102553; -584.7019325264025; 918.2999008099819; 709.000766917748; 168.61914936697644; -599.7289033045447; 917.5585234581893; -72.8369294186815; -476.11394724526065; -805.7308518579594; -683.87852267549; -995.8711856139493; -634.487485780212; -154.323802284272; -519.7053314712393; 805.7446700761143; 531.507591380019; -749.9111864240549; -579.0231263730118; 661.9906785095718; -692.4213988721892; -737.2127383204338; 551.5637705426466; 707.7137176305341; 100.45262059532092; 519.2186698200014; -665.227616007152; 952.9783138152818; 565.6007148994522; -335.628820497029; -688.9223779301637; 397.27072764216473; 150.22121751786108; -296.50748005792593; 391.73131504144567; -50.23712280745394; 209.66071042562976; 932.0719889125605; 138.481499898224; -547.9509473539462; 168.64465167625144; 423.4052859862202; 734.3254638675578; 59.09234845958554; -569.9126285973597; 422.88224186207435; 123.97409929262903; 847.4836417405206; 535.8681082958856; 480.62140982821984; -329.8569317814827; 199.87318885849436; -800.9731246767558; -629.2504844537559; 857.145637595954; -673.7620715627054; 280.063756482979; 776.5615679240768; -640.6350406413349; 724.2637806816633; -187.20124273365138; -429.47200854858363; -771.5073517659453; 568.0181178117894; 600.9517310801209; -153.05367698479267; 12.974891354901274; 718.829973190575; 822.2832673477847; -153.8503847643368; -458.05607478135664; 939.0834335987108; -463.9021026568115; -364.8865238283669; 232.91982810656577; -598.0791275141682; -998.9783541514652; -306.2093729730269; -512.4350096919379; -696.0522792191423; -500.5139985524272; 672.5061624045638; -946.7679799953822; 871.6006523923502; -564.7622339234943; 993.0477907105419; -180.8847866134114; 232.96649365412281; -966.1216974374595; 462.7018555875429; 437.5151929170586; -767.1700200815836; 544.4260948079093; -68.24607825013925; 492.95617967322414; 920.3443571134237; -325.6208335382919; 415.9017454300249; -464.6196507418314; -214.18203107204067; -482.058672690035; -247.2541850496416; 872.4994889902457; -557.5659247201634; 427.424289643433; 852.463968427963; 6.732414901225297; 627.0388837556216; 509.3791657773709; -864.768959144541; -383.93430556989733; -447.63877056615524; -195.29161898160908; -897.3813068726988; 930.064698425896; -401.906545895716; 735.863222373577; 974.0446035817042; 675.7529659856602; -903.3984162454603; 843.2506161476786; 122.79909862858585; -810.183996300442; -745.9033555160335; 863.0691754787379; -659.1477713264974; -430.54572782396974;


199.47864612707804; -932.7323281538681; 993.6739661971526; -733.5035675804835; 181.41903864008373; 635.9175051930101; -869.209184923044; -193.3819588794163; 656.8989991243091; 183.82165465566095; 439.11807372530006; 140.07300027973133; 313.4332622178101; -992.5508872468914; 677.4497638106695; 793.5080863596938; 473.8020534955306; 534.4134528724774; 934.0238287915013; 239.9861296255665; -454.9602216055654; -619.6657284448117; -201.11891384961336; 231.39066465254473; -367.29498747613275; -568.2309976759641; -655.3700902514522; 782.048781974439; -246.90417470922478; 780.2048716897255; -266.2595783387368; 330.6855520937854; 361.87820656673284; -128.89095097389236; -755.4203037879123; 499.3736425936238; 27.935500877713366; -550.1322374329468; -56.6165732398448; -876.784980591493; 709.2989678245447; -278.6753399433393; -386.06704487481477; 157.83851856158094; -611.4304143605669; -20.335127174354852; -539.4665722643746; -373.15368528915394; 571.5470888019436; -689.5264046901161; -322.6885442857673; 133.47697507707153; 868.808075309166; 981.6086177518512; -608.1847797831203; -201.7126214214818; 119.45976445946417; -433.18884555556826; 406.50889346607755; -745.0876166721108; -523.3196900670948; -380.24636695284266; -680.646380234772; 665.3189266949385; 143.56722286393324; -639.2061199848395; -834.4022045399365; -420.9072018113766; -855.6290506114057; 708.9889641067939; 981.3944520202222; 72.40437505474142; 338.70028922842994; 290.6209126517008; -166.15056882081865; 444.33575752963475; 184.2515401653286; -152.81517877762394; 633.4730985717692; -296.5000302130211; 892.479278113402; -230.41703546651343; -887.6011565404483; -480.0719958158787; 621.4912126995439; 30.66127284053664; 380.9775130606472; 959.6374055864085; 656.2848837505351; -409.27571045824925; -269.26440653954273; -684.5060541559322; 81.02238016645993; -7.546807274132789; 716.4581796816544; 937.8685773221234; 796.964012000497; -974.4046002125995; -641.7894295018699; -215.30871793576716; 28.028057048004257; 259.50121947327966; 558.3966820249989; -10.70394139584721; -117.28573827544324; 72.62838428242776; -403.03079994328755; 930.1278540417115; 472.8092283197707; -592.7952018134307; 40.33486338776879; 454.24554353915187; 759.0308039932613; 147.4050177290551; 404.4983009098862; -335.52598679552295; 707.1654152520923; -475.5961836931733; 770.2399131469865; -869.3007676267048; 973.9529642990981; 160.50495188496234; 374.223755296699; -666.0538923208155; 560.2809770415313; 476.44919071939603; -525.4028284350076; 95.13428370625593; -883.9534806181075; -971.8651289099189; -960.7359748884918; 778.5174586544636; 805.9518349345076; 306.430958777408; 674.7884872052891; 115.14851185211774; -910.860002306172; 14.628334375739882; 521.5988774852524; -961.0021382747352; 523.8828303590776; -215.66417611084432; -776.3031465368736; 109.72413247881741; -35.00975442947765; -185.15748130030306; 990.2870357478157; 773.9243052095533; -781.0867259067847; -502.772351346142; 270.5695413573028; 819.0338735786456; 342.6236890966213; 24.265911954610488; -598.4829832232781; -843.3594708733699; 758.4241229566137; 28.862521864741666; -276.6765333914642; 200.84732327443658; -536.1481769605853; 690.8046003331799; 292.9394978728526; 723.7778520518516; 667.4959303263415; 288.80042550207395; 572.3020174095268; -460.3693709737164; 906.2283420323374; 123.81528320297252; 92.82996833497918; -867.209107770057; -627.431696599055; 878.0758860005333; -747.6626104282545; -122.07340481772133; 778.6896114162785; -374.2772910022484; -964.9049034000177; -749.9670646873166; -676.8674551480101; -572.2999996862579; -859.7153506475479; -905.24323066981; -975.9899493803206; -0.3742008741593281; -361.8081985177573; -144.6397808348562; 831.3582612826185; 681.3014951777709; 899.7015392167739; 524.096501451013; 15.789657578292008; -751.6821233595657; 647.4424674816678; 94.36765474615208; -557.6080504508932; -668.3208951933533; -55.14231956006142; -125.24845744669449; 10.950308004045837; -839.740640930632; 387.19243116307325; -8.919698715518166; -68.64806735248851; -835.5860520516178; 774.1257673700845; -868.2637952132162; 862.5761681842432; -968.9044341409219; -936.183106053781; 983.016685550482; -303.653648762613; -902.2074667761589; -591.0717573120934; -374.8020219951477; -948.0566980478409; -17.634304464527986; -45.76031191267248; -586.6160782312813; -895.2911074110945; 953.0944450133286; 29.58660406556305; -89.80030725439042; -820.169259058341; 543.5696182163047; 766.906128819991; 929.8106402536514; 510.4040069488078; 764.7971942555662; -421.0746226262569; 215.99621516289358; 328.0271712049023; 370.5337144791454; -563.4089814406741; -437.51868885186514; -583.7568226929943; 928.6804519252439; 87.07862649167919; -921.7847767167384; -836.368783654809; 994.804775535925; 867.8950327820037; -721.3217777683842; 682.7141916031371; 143.03169744455818; -27.966936939594802; 651.0797184694623; 619.1572454168661; 607.7851171837908; 421.0150780254562; -32.58264111492099; -205.76575642612033; -993.0113040024886; -807.22988611456; -636.128149181671; 95.70028362088442; -975.4928428707788; -876.0788745246699; 277.1392265246409; 305.41908688012404; 988.7068559178131; -648.386218507696; -219.76312923359558; -199.37586707197488; 279.73775729220256; -942.692347028842; -841.1625017250077; -152.98453191947237; -735.4240595241147; -466.75464200091415; 374.31312747373136; -966.8675812784448; 529.8937627344374; -204.16710475703871; 833.1176872711585; -935.2705148134875; -713.9578848862619; 932.3094395785454; -489.9341457409214; -93.08126743892808; -697.9127309392559; 266.4862200664345; -734.5735253884716; 290.9484110511121; -195.13936100876344; -977.8619294808524; 473.1999291023335; 993.0284743013938; 322.35661645620144; 973.6153340411615; 42.29476678929973; -859.9185654790666; -550.1898800415258; 963.6694974637094; -475.13242193252245; 407.9493620454423; 160.41412839077316; 330.76207977461013; 560.7824595141983; -502.6780479975052; 817.3192742904923; 483.8704197441316; 748.1283290433714; 365.1953608387787; 12.635233788358164; 909.585554011645; -674.3473131281553; -903.4802534467713; -809.4154525667665; -200.63671938359062; -141.69646108581003; -83.91215438103734; 576.4274857512398; 253.03754533579058; -109.024256352419; 589.4990200702871; 502.4177976229714; 907.5475901217465; -168.45818346969793; -112.67495914137942; 260.1230297902255; -464.61591722150683; -403.12786655750074; 457.6102839658761; -790.7823586257703; -427.87806284369344; 329.68334157049003; -43.435431845905555; -612.6739306723939; -166.34700399001213; 550.877230928219; 751.6738279685724; 503.58094242811876; 514.1726857011922; -394.54008981426875; -977.6623520357196; -991.9365016736717; -224.800795227496; -400.41247794442245; 519.3062746824712; -186.0339099001327; -784.4816098887833; 905.7000185191823; 15.957027655529146; 351.02396735785555; 457.54805255287124; -813.1231487712096; -886.2079598985771; 941.3110246018584; 111.70032646445725; -970.8230051707284; -240.35645961847092; -61.61364856905902; -437.34225182434864; -616.9242449499172; -211.60930332848795; 400.9980035971648; 332.87038863562316; 811.7896411280103; 678.0212473944305; -907.5728150079998; -417.4780695927358; -373.33727390487127; 819.1750157555209; -29.921107232059853; 705.5998144340315; 636.8094818317327; -125.72291386789834; 2.8620557197224343; -510.51670922116364; -849.7651854140931; 904.477534562983; -918.0851299869837; -900.5942737239825; -7.704193603782073; 987.1229845746739; 206.1806831212598; 830.6409704366101; -681.3419192929657; 952.4526917126382; 155.22414418748963; -639.1007987621838; 916.8577702294942; -356.0328869388695; 505.908833787445; -438.90723506785; -160.8988424085992; 784.7898361939783; -356.1806325300604; 875.7138567218979; 998.116966881433; 548.9124451125599; -17.502399706308438; -820.1389647793486; 73.17578329537491; 15.760566710053467; 829.3903290247843; -208.67899308162828; 230.15545967691446; 594.0652373186881; 212.60833234759411; -166.7204959499835; 530.230989196848; 575.4959513040772; -907.1758121556846; 577.7217006773869; 329.4791623624169; -745.0055515743958; 649.7742343112745; -886.0223080645311; -211.2572769231989; 305.387994400191; -947.2047544892714; 73.2316980564292; 776.6206192753946; -955.5267093593002; -364.3976806881486; -491.9360793666409; -613.0143231440871; 33.445745376878676; 149.25899891906033; 170.30322727084172; -42.45560233773551; 551.2357551363982; -723.5988703865452; -416.16679932215357; -383.1302996783478; 776.0066840548363; 427.01975110423973; 44.493410220575925; -230.1174943283553; 965.0178722811031; 879.686827110939; 910.3507105106887; 732.0836829507145; 237.1764840596195; -144.79864775801457; 113.5093414678438; -857.2838109455105; 580.232881582341; -32.411564156206964; 117.25504954019493; 535.2804645227943; -719.9075384611199; -322.0168814769214; 18.31953316798854; 804.6961331723726; -338.81278568136963; -134.94360630448728; 630.7609905509053; 310.6254153886009; -149.64596607304134; 15.73740853225081; 230.3227265599503; -423.0795595906202; -639.231169792906; 733.3246289816736; 84.62092247618352; 849.1544829287113; -229.87736747811982; 523.8955044630695; -107.5954717437736; 273.7569598405678; -59.406091359986476; -101.48897333189609; -802.8236099247418; 169.83597376551734; -716.4291794860645; -916.9005016289423; -535.011464221538; 399.50136537262915; -374.80730396356284; -671.125636258032; -657.0405571121748; -320.398361092787; -264.22847434217294; 969.5656679035062; 358.55772911516647; -197.90139854510778; 595.5240062979369; 264.26693799353916; 130.48519301613442; 537.7763095039277; 651.3010546307273; -760.504580206124; 994.2994905165556; -276.84221825994587; -855.0209556592882; -864.8175432405753; 355.45938425980125; -583.5941170809938; -453.2408221119405; -779.2462279299284; -263.4850080704807; 346.55308293216467; 21.665758822026874; 858.2972747372808; -546.0138921813376; -944.8948807604104; 144.6167752657243; -279.27232463493783; 626.6094546780485; 516.3067781368934; 137.0465962586277; 755.7201866540343; 968.0985876247507; -584.5287015924423; -604.4556542747214; 547.0694644522971; 922.2847655372207; -678.0052340961774; -891.4845558613785; 17.30521064022537; -672.0648333090669; -153.26010118951592; -719.7744121294958; 656.5507577495209; -567.9581931336046; 545.3743725306736; -59.96854394406489; -968.5024303111772; 581.542390349025; -837.7370280690975; -712.4689135363351; 803.6324275710901; -381.28019875595123; -449.62433103059925; -239.36583888256246; -843.9763436578403; -29.652459911504934; 586.7564719034413; -150.55888365083752; -528.909968070284; 362.3431486138022; 240.20699478350025; 624.8070029829651; 43.135627046314085; -721.3209893560731; -742.2782136513358; 31.9335339849074; 313.53392296570814; -890.9064582577244; -262.6634334296756; 180.37521026579225; -94.76686856987806; 539.2443694898438; 258.89301764162315; -78.22068116569665; -184.68674781861546; 299.858042198548; 851.6418564479291; -104.131285104305; 98.36735000440217; 897.4541006942734; 604.4485443951603; 996.2897194271429; -972.7528846532792; -222.38692970889122; 366.61658477126684; 304.2599366942602; 245.20364544898666; 758.7044619154074; 604.5506246086725; -436.02165683059286; -54.71717745454896; 310.4243386611763; 758.4768322317652; -710.4827546471031; 781.4272186236865; -557.9995160102775; -825.865179591636; 97.4132839671181; 968.7558204031743; -85.17653566637625; 405.43770545088887; -559.7755615522995; -244.6608086368136; 375.7759382282777; -897.0801972077747; 458.66881944770626; -43.42613157506298; -788.0476900449179; 708.447688232168; 521.6800548372948; -524.8684580161628; -620.166200642569; -511.2386355490656; -881.6230254838988; -400.44083358921273; -78.73401517282832; -671.1552457142925; -35.845512795658124; 40.98619566124307; -472.45375404599974; 585.5327698889266; -578.8766675905101; -760.0160552485906; -363.49090688115723; 893.7057887282147; 606.68001916668; -51.46007451270282; 401.5238600741541; -460.3146823246818; 98.82672843801834; -381.8845580796079; 35.203186019949726; -53.740512189489664; 314.73912416037683; 36.85760209163345; 565.8238778087853; -474.9777077138061; 259.4137281832436; 662.919773818694; -686.7949625324953; 316.4677649399887; -965.09707076918; 818.4430562693522; -619.2859560405075; -848.4016680366094; 234.99339901398707; -149.56696283770077; -113.95500917555137; 252.69526519943975; -706.8167016731383; 393.7979306605521; 468.79386693681954; 155.33941929607295; 499.959597549155; 339.1947276790877; 793.8302447850865; -41.016291203242645; 472.59420798291217; 565.3835990813759; 14.175645544674694; 827.0189451668014; -939.225160453339; -920.8540427275533; -49.81411479512337; 15.346538971189034; 575.5126465184992; 921.8434966664779; 228.45731309191638; 495.2604698582154; -671.3692075789846; -266.3358850214778; 45.78326261763959; 654.0757318118399; 788.6598095700099; -317.5157200080572; -476.2128397758895; -511.59922669954386; 414.86453915257925; 587.40371391551; -361.04833172129736; -736.3587015679732; -431.46825981241; 289.72588220894795; -799.6026616134623; -820.1867235010179; 551.0319957931845; -50.01401896899711; 851.3925845322694; -248.33385148677962; -79.39971442814715; -459.65680038773155; 33.46589825543538; -589.1891008734184; -319.121389082688; 316.7914553518867; -558.9119621450709; -766.3001801766898; 895.177454030822; 917.5511928620049; -647.3707890771548; 4.420422508697698; -867.5058152681914; 778.6911694784562; 940.9606626693196; -912.0712081313497; 717.7283980656598; 343.9966971201841; 899.2825255013238; 727.3912555740137; -945.9404607902213; -30.60978087189244; 526.243331188582; -225.4075540753388; -932.8440573939332; 670.2664242825226; -340.4650353635478; -507.2121666627762; -836.2701239872079; -31.531176645950836; 333.41958656218026; 228.69677822709605; -865.3768236720844; 113.66866767475881; 649.2747562452432; -368.4101015054006; -270.94555283844556; -666.8258121613317; 902.4850032042843; 719.3695993310453; 849.81725255228; -151.75553689752348; -617.2014963772261; -294.1880642832921; -633.1009247299364; -313.34129466806917; 257.0691220940678; -388.451679828505; -662.7567077328638; 757.3578215847554; 266.36102371309426; 59.10586507651442; 781.0951210266651; 223.90214956338764; 573.8523078213893; 972.8592315764904; 464.4864599043094; 875.6169831592213; -877.021824405555; 803.1437716610014; 772.9386050428659; -835.7363654832158; -932.4366623582862; -586.5291527014544; -397.1747942595375; 663.1425173595519; -627.2989219560866; 235.96194211160764; -921.5613371326515; -921.7016760037685; 114.70454113189544; -197.94410628358366; 798.473202999794; -967.7318870008359; -739.8209661201982; 909.2019765836087; 410.80896677846204; -248.10628955590096; -493.73453823153494; -414.0191226664764; -107.13153356189025; 935.3499708174868; 287.1804294506501; -317.04264077252617; -593.9903533512797; 60.089763750091834; 911.795268422255; 581.2936256334112; 922.0494354220859; 644.8354394369876; 155.20442665495375; -947.1707435015549; -311.0143319432324; 248.92677476401877; 271.3715745989098; 124.65177552194928; 618.8189722420639; 123.39556028500147; 500.0588991325403; 557.8167768629405; 980.9247615977458; -565.0485256014231; 653.7758365077498; -86.72555527559098; -401.9848438858679; 430.86901181000326; -51.93068812636125; -841.4148391342942; -565.9810797303564; -628.540033108809; -912.3841831149693; 929.0864993648643; -579.7366839902518; -258.6018191269296; 977.9561221635449; 371.8510257445819; -527.366100660653; -118.23988412700385; -410.10025877156454; -950.3877306615152; -952.4541615309731; -467.292650391203; 47.09660659702013; 183.31191391317657; 732.6229327113688; -663.794487010571; 301.852663080585; -967.4203460135049; -414.28635115967984; -170.09821774144677; 927.2556229710465; 734.2910588110149; -658.9615438205211; -504.66274704405237; -949.7577462198811; 679.9042414000508; 268.3102033165785; 45.49672738835761; -561.9379568111784; -376.72312951872084; -236.16819277387856; 672.5553113929766; 125.28764642235683; 878.323552131628; 416.7258230080422; 395.7279660455574; -151.38328160232834; -195.67346246028842; -469.95827127894086; -378.028428135981; -765.8877036951369; -852.0774626681737; 524.1890073821858; 192.8657917927801; -797.3032839921275; 356.7698222438694; 749.0764154984531; 336.8463388799137; -641.5985973580043; -557.4055359013578; -632.6626666607369; 856.6461495813371; 462.2646413508462; 501.52788992671503; -993.5211289596365; 926.2776054764088; 321.59214764566445; 122.08673255364306; -305.0888063557412; -383.192089408146; 494.48588983349555; 505.8510085152848; 932.2808195965042; -701.5773064077716; 521.3471045150568; -377.3258578950338; -110.64642125502837; -160.62982162156277; -898.6051195533165; -27.536546171312807; -289.6716103109313; 454.79163000577205; 556.7345943121959; -24.108251445207998; -809.5707172737408; -706.865616796463; -335.6603091641797; -469.6275448445241; 105.55379878711096; -753.9754877221679; -869.7061034063479; 698.9802914979214; -242.94135344760616; 284.7962601972845; -448.44992449524966; 622.6388367813256; 836.7365005797717; 394.0540917065416; -607.0190375537313; -327.68390616149213; -117.57535434419844; 293.10367502533313; -114.81317652695168; -985.637762440417; 244.6746152356218; -613.9679700054216; -934.3864113579434; -182.57353150978804; 482.97941355735657; -688.1543609183854; -691.6368077321482; 388.44660190406194; -285.99542386223527; 731.3576849467972; -722.1285085146947; 347.8257534134011; -459.28869150703724; 658.4833189433091; -690.6787838690225; -35.440819515343605; 723.1205367107543; 761.1004802350365; 106.76927117155537; -214.8225689914443; 685.8270299903074; -716.7995043015678; 986.8416278196428; 171.60162492555423; 326.6667700897142; -528.0231976173078; -584.910429451127; 164.76828858573867; 264.33909906009194; 287.93837166162507; 799.3426238607337; -702.1663961266323; 351.0473530922902; -369.40144187757824; -81.70091021529288; 851.0104065050382; -675.0228532479907; -318.4906566827178; -899.2169114139346; -337.0693249192459; 27.381645756645412; 630.9047714196224; 198.3616625146351; 499.83082673045783; 728.3186796596758; -680.7603350694678; -92.23115800658616; 687.4821417027856; -62.894373275795374; 946.9418732229376; 143.91641882192607; 369.6573427176679; 237.3397043639559; -818.71220125419; 318.81726064186455; 24.339708603694135; -358.6509969933627; 262.99489976165614; -336.78965568446745; -786.9520931894299; 760.7069445514117; -174.89625901825605; -910.1733639250709; 557.397344654552; 529.1938536611112; -97.23845700878098; -988.3313317442083; -371.7999268947556; 912.4259993045946; -998.8541181743444; -214.1741127385818; -293.73704290740136; -48.487235798923166; 603.4475232502793; -361.9184539331278; 674.7677396887514; 260.3645258433014; 236.6922803137495; 866.3099770021063; -231.43482250412592; -584.0969048173228; 405.78140467306093; -175.60217165874542; -207.83216517631217; 748.2012541772885; -167.85322707516116; -139.19114454646467; 744.393343781901; 367.8902126912433; -727.6366435525748; -358.5482427705268; 67.35179917326423; -205.06432711948503; -693.6413466772731; -361.1199996582145; 720.939424624876; 412.874137828735; -349.1311466663252; -586.2669581181076; 207.57344599727435; -671.9625818903176; -520.8357201674776; -266.51188299600744; 126.05584680273864; -969.9881326017096; -624.0668866669212; 654.1265925437417; 178.1795180664983; 463.30312221068993; -212.95751490380133; -137.97654184095768; 352.27409382012; -493.03251463670574; 580.4717328335191; 779.9088352109638; -146.2298130582882; -187.69399679310823; -440.9245530477633; 590.1012254145285; 384.99894757954394; 916.956651395642; 355.07698436002374; 248.608791321137; -793.278549494297; -727.9316862739861; -406.5210088383393; 624.234362263484; -211.95213309052065; -555.0151854763574; 292.95024019874086; -445.5368661827614; 391.97236320879483; -530.5912224196567; -946.3126171644591; -33.92073512714262; 524.5657062755008; -249.35904249810176; -810.9694614887092; 116.9443034631397; 530.2098005693872; -125.4829259702019; -970.6922428375908; -264.40016225505485; 14.960732624061393; -156.52989397681756; 926.3521857131068; -256.2213256534701; 684.4931708591762; 366.15069329210223; -610.8135177959225; 305.174615130966; 267.2582141785938; 94.67385327477245; 726.4892165973356; 932.0154667347472; -898.9329073072334; 435.5241944771192; 864.6794479837238; -507.12958342056845; -600.1592640584347; -438.1249697282723; 15.482366779022641; 499.434813530361; 249.93711911776222; 839.6497339311197; -350.17631831165113; 700.108690256021; 55.84229335279406; -745.9666351115433; -499.5063043226001; -824.6251139979846; -182.21471733907345; 572.1465068715861; -225.0773088813337; 273.3473269151375; -392.20043182818654; 529.6552475969481; -352.47876883866275; 752.2926837251789; -645.1738789458419; -3.8226703347950206; 461.319369840897; 416.62274186300624; 967.2745910808853; -720.9189597452926; 173.42943873007744; -157.6757276226499; 177.41898130396544; 774.8882368241423; -996.7309150916483; 246.31847649430142; -921.1102284898556; -21.639143369787917; -334.6744754866553; 659.1902476778669; 569.8968612806989; -654.0347212156407; 475.45223043400006; 21.65926268748069; 659.1467336381079; -695.2750632240546; -715.4833431505316; 323.7396065073631; -688.7723108813293; -945.4975010640172; -5.5968509605753525; 184.86165397302057; -352.5671192953064; -362.6767756241794; -81.05273267298344; -351.990213244094; 787.7879857215505; -655.7389152024925; -260.27910592720923; 218.31526646729253; -350.93701322593915; 710.9720083424425; 188.49706675547304; 141.4824878291431; 204.98729492326083; -791.6575394998648; -131.19736861926845; -0.16683791408752313; -266.4459924149363; -944.5015593635505; 624.644761960448; 59.51601241309345; 504.42365788151164; 350.74391447703806; -191.14310830670934; -633.7088681291264; -847.6996988539942; -413.9892909126281; -122.1095997303155; -883.5606871370217; 14.997993661605847; 523.134394697722; 929.2335678945878; -984.560633463106; 108.89240954707589; -390.4518024915752; 486.526023477041; -62.482627705643495; 766.211035175287; -165.00126709353822; 817.1065500291472; -266.2819168370188; -465.8205985840998; -771.7214559240373; 939.517246910101; -768.1220692738514; 57.50865486317139; 648.3686658696724; 833.7656905414394; -575.3689138492964; -80.5735542522433; 351.6648202085678; 593.9823795416967; -128.82591767648694; -296.3013723991953; -481.87062034343364; -670.1109635757388; 361.417109449598; 779.5187511914721; 427.964168715564; -950.6943195762494; -934.9019742656791; 210.62577052957113; 296.4704739346246; 976.536660674763; -6.673251401578227; 554.4634428116931; -910.9497900231019; -412.54907522653014; -191.1725702963456; 593.6596214246385; -300.6926080594594; -522.7518357723036; -700.1231852811454; 935.3021753198241; 855.2387380784132; -545.6342750400938; 524.5398671103458; -277.39295433859604; -966.3706470120102; -325.96208494059397; 814.8184292440085; 997.6639342846813; 107.78396244838495; 576.8203272856822; 726.8559678221486; 237.78975138778196; -854.5507742852328; -938.1666719233464; -356.0599320308494; 785.6861510109879; 300.4657489817862; 312.9822601745118; 152.34812136019355; 848.8244644249644; -158.964761815006; -990.9366997355664; 164.09641292723018; -377.6301927924694; 919.0095887280424; 972.6195168852364; -936.7733644528977; -619.7725313457843; -206.50260904658103; 641.0410104156406; 185.50978096857398; -895.1611592399785; -881.1277080999852; -117.28815492394017; 897.7905799554367; -924.3712991631228; -9.537858330514041; -922.3640795238252; 204.1687439058669; 778.2915248861555; 873.9953903552021; 240.6499821630557; 76.91056664303983; 706.8408900081984; 121.62555083156644; 238.16281556521335; -603.0871066818884; 232.61685723311712; 570.0506677123262; 846.7423661407622; 918.3291400274718; 991.9686737584709; -718.784247030836; -262.99761819273556; 163.7996963439557; 431.76876893908707; 485.8129182360192; -331.733748457847; 20.561409518903815; 470.0761660632429; -950.6223179328889; -809.5776734207776; -846.9150599177609; -710.9900608707055; 595.5811468134348; -960.0334564095479; -924.0221803402682; -447.50862769399794; -562.4217586759457; 449.92796082858945; -133.1157712687576; -1.139048413450496; -184.44041837728173; 806.5043161134031; 825.5453108591091; -728.279658643785; 736.7969693605644; 180.47829131672938; 698.784004220644; 655.7676798024586; -805.0013012643492; 289.5292944325904; 501.265792539499; 388.6091667190515; -451.8878300720054; 242.58525567876904; 651.0280320101028; -501.03680565227654; 382.86725762203014; -75.31674295252674; -944.171994229921; -733.2365081497437; 524.7776270303707; 762.1763984178306; 878.3032657670767; 43.4954242994761; 632.8329055135855; 617.2717871425948; 476.0260573852513; -865.9252903030051; -614.4333542162658; 523.0396141266801; -638.0158564932408; 784.5227477390661; 728.4671325654376; 405.40663571552864; -734.9475077498183; 540.3474379323695; -596.4237886573483; 630.6123818965332; -558.0667857250091; -478.08269952470505; 376.4232727122378; -250.11939199531332; 500.6309913388495; -136.94849354160317; 676.614480624922; 678.328415372463; 810.248889833395; 240.49963601778973; -997.7811749509506; -824.1904793813084; 783.0444655819074; 578.8769831101729; 819.883123517727; 862.3379046969535; -296.1292892597203; -640.3796359642334; 321.35333312781154; -97.07484117337378; -684.5766464847253; 359.0432719072546; -757.7780482058137; 17.740820472385508; 737.1077669737879; 252.57339580829262; 192.2516399774986; -989.4619941034163; -180.1684141804767; 47.78909834734668; 451.7559822909345; -847.4628269526952; -197.0343412332727; -14.57879883944156; 350.3680496358254; 289.8657202127549; 6.398995617562832; -862.5660733429461; 631.9954045784518; 401.4945165091915; -944.3262070242713; 683.884505282349; -843.3382318873156; -574.2083129778006; -968.0334424145784; -960.7842490670515; -847.9603155073678; -722.9636796531955; -815.5314757026563; -915.2711357014656; 671.5430967643019; 258.1258341131304; -956.7076927197063; -809.6066971892204; 145.31147208150742; -331.494055611042; 576.9464658050576; -155.40582515582776; -17.63587572106826; 538.8347084760576; -389.94569713813576; -59.53595330465123; 88.9592244145415; -756.9042565856962; -241.57418795309457; 138.0459814163171; 850.0793737370691; 20.153829282085667; 524.5951742179591; 444.2995064295087; -196.9206966557697; -964.6101624196465; -331.1615728208128; 460.6800212229459; -462.35052230777376; 870.484080608753; 358.6353836781634; -117.2194769176441; 149.01923934129172; -853.3153649917842; -220.0502524543915; 362.4465275605289; -319.22401481585473; 322.5280144055505; 865.0507523757324; 29.34262051374776; -235.4238290271095; -462.66479453458464; -13.664816980746764; 495.0733679502464; -278.3023763561083; -849.6866557542779; 398.13921645094; -671.6024707525719; -458.75961067401363; 541.471332303965; -942.670305859153; -714.0073624411957; -949.3626812952238; -740.5457421792532; 558.7401618105478; -468.36988466277865; 446.58914442851983; 556.0179494578267; -585.863722611653; -72.77197819535434; -733.6088288429744; -458.9829047474574; -836.101257092924; -746.0451137573806; 769.875332437537; -610.11965128626; -767.8609558895191; -390.0419735909463; -25.23425819440206; -32.90222989116023; -149.6748974792729; 245.08768293413073; -81.7783838167461; -12.171060441962254; 913.8335481822037; -44.70153815284084; 762.7791875093608; -513.2533587080329; 680.900195173477; -63.49383662396917; 121.43835822758638; 890.9313597981411; 353.926913201826; 530.4980559945866; 691.3550988535326; 945.0875178469103; 512.9000101830213; 848.4731119210117; -525.8988581027102; -582.3120900582339; 938.2803129962613; 435.5617531907328; -296.87177734647616; -585.6982848294056; -823.5210713220162; 159.03281664454266; -524.160840086512; 972.2733080851901; -481.896292133939; -943.6448937215482; 678.2703741247028; 54.915112370702445; 326.649913018123; -244.3960907719046; -598.5120392977531; 585.1872104709469; -275.0843439201574; 942.0659855035155; 947.438424087258; -368.96743120893507; -661.4050265443702; -674.45174825556; 632.4907936768727; -274.33832717377334; -652.2242995084715; 233.89974914302184; -156.5476106793052; -708.4305412740132; 858.9996544873884; 606.7093252278855; -754.0733023415643; -948.6878417817102; 115.42600458682728; -644.6923461898174; 478.01393164246406; 486.5833606212973; -220.26996825456968; -358.57654285241244; 335.51550432440354; 576.0860707391485; 593.8883653468376; 108.55270440593063; -385.09548950459816; 850.1795805855381; 791.4574691111875; -196.91649649729356; -950.2485794292619; 392.99229472316824; -919.7144170519234; 200.23279433708467; -934.0051608594821; -226.00085370639908; 960.3305651706564; -604.3462536906552; 724.948339149651; 480.12566050051214; -641.0471873622623; -393.84751095541117; -542.0697292709872; 493.119558584556; -869.6638132144474; 943.9577078758489; -682.5018038079772; 153.3770777979762; -16.07609841921078; 346.42385106968914; -789.688840469882; -114.73142520895101; -724.5493041315805; -887.9601650178846; -542.4526306626569; 654.1456959009513; 54.15033320509542; -553.8956701661662; -110.00085287316756; 220.0360838585043; 996.6264675113812; 730.1969318314982; 809.6344031143076; -992.2754941461059; -197.38904499270393; -346.68209275166816; -453.8375280995872; -502.4648122612646; -954.9066685143605; 585.9430177415475; -912.3756957151008; 528.7290119154104; 342.1203877451196; -779.8194590510714; -185.61013982554925; -532.3370377308513; -215.78550090687077; 383.0943669605758; 575.2973063791153; -146.3202302185108; 554.7810526962226; -778.0349121014865; 772.6128266428518; -660.5861834289703; -887.1260459650257; -663.5684911947585; -427.5474931587529; 984.3511461085341; 602.5509689566727; -941.5638960421318; 106.81164624408734; 933.5930103917151; -109.66664079875477; 988.5442442154472; -729.107070240233; -349.46342308297017; -655.9990746614817; -685.9218845174101; -409.55278862922864; -994.2230502485659; -16.041593675299737; 950.3142240999923; 998.6190192334288; 321.1448901576996; -336.44590691581254; 410.9094300152067; -693.5578797047738; -338.5343701769758; 67.92648117828594; -711.2975869580973; 211.50184292124345; -334.9320997747144; 706.0149447967349; 1.9733062809310695; -115.66220759975158; -715.0205245452063; -55.28648694009894; 455.19588560265356; -255.2164685807436; 417.55739571092545; -582.7049737070438; -416.73958895727753; -878.15580000055; 269.6029114672183; -943.6151523911694; -370.0469799526105; 177.5608646492242; -970.7549488765875; -791.0267460963054
